3.941433727741241455e-01
4.095195233821868896e-01
4.285205006599426270e-01
4.390396177768707275e-01
4.478040635585784912e-01
4.370789825916290283e-01
4.494853019714355469e-01
4.662968218326568604e-01
4.916639328002929688e-01
4.773545265197753906e-01
4.972347617149353027e-01
5.136941671371459961e-01
5.147389173507690430e-01
5.277585983276367188e-01
5.528887510299682617e-01
5.545698404312133789e-01
5.712550878524780273e-01
6.111576557159423828e-01
5.969173312187194824e-01
6.369684934616088867e-01
6.664282679557800293e-01
6.737622022628784180e-01
7.035507559776306152e-01
7.361033558845520020e-01
7.693390250205993652e-01
8.097408413887023926e-01
8.563333153724670410e-01
8.428764939308166504e-01
9.253027439117431641e-01
9.667642712593078613e-01
1.032515883445739746e+00
1.097235202789306641e+00
1.157191038131713867e+00
1.253541231155395508e+00
1.346957564353942871e+00
2.476034641265869141e+00
2.468656778335571289e+00
2.447144746780395508e+00
2.448813915252685547e+00
2.426922321319580078e+00
2.414883136749267578e+00
2.421323537826538086e+00
2.417374610900878906e+00
2.405397891998291016e+00
2.417038202285766602e+00
2.402874946594238281e+00
2.402486324310302734e+00
2.414656639099121094e+00
1.813958525657653809e+00
1.829825162887573242e+00
1.822056770324707031e+00
1.842116713523864746e+00
1.848328471183776855e+00
1.837058901786804199e+00
1.845132827758789062e+00
1.829451560974121094e+00
1.837273359298706055e+00
1.854186177253723145e+00
1.874438166618347168e+00
1.851992726325988770e+00
1.882383108139038086e+00
1.878212809562683105e+00
1.896148085594177246e+00
1.907297372817993164e+00
1.905709505081176758e+00
1.916757583618164062e+00
1.924485445022583008e+00
1.948046326637268066e+00
1.955417275428771973e+00
1.963488936424255371e+00
1.986592173576354980e+00
1.987098217010498047e+00
1.997184634208679199e+00
2.026349067687988281e+00
2.052645444869995117e+00
2.064454078674316406e+00
2.086888551712036133e+00
2.102252960205078125e+00
2.140101194381713867e+00
2.145900249481201172e+00
2.143014430999755859e+00
2.089938402175903320e+00
2.054543256759643555e+00
1.978833556175231934e+00
1.935974836349487305e+00
1.908692836761474609e+00
1.849780917167663574e+00
1.828640460968017578e+00
1.789381504058837891e+00
1.756207823753356934e+00
1.714185357093811035e+00
1.678063750267028809e+00
1.647135734558105469e+00
1.637161850929260254e+00
1.600539207458496094e+00
1.556941151618957520e+00
1.565098404884338379e+00
1.536142230033874512e+00
1.515770316123962402e+00
1.488965988159179688e+00
1.480574131011962891e+00
1.433074951171875000e+00
1.439611077308654785e+00
1.405158042907714844e+00
1.398112535476684570e+00
1.387036204338073730e+00
1.383030772209167480e+00
1.335955739021301270e+00
1.354241490364074707e+00
1.333327174186706543e+00
1.326967954635620117e+00
1.290995359420776367e+00
1.311097025871276855e+00
1.296135306358337402e+00
1.279861927032470703e+00
1.276152849197387695e+00
1.254308938980102539e+00
1.252103924751281738e+00
1.247989773750305176e+00
1.254556179046630859e+00
1.231646537780761719e+00
1.225665926933288574e+00
1.210333704948425293e+00
1.222648024559020996e+00
1.215808033943176270e+00
1.211666703224182129e+00
1.202100038528442383e+00
1.193081617355346680e+00
1.211524963378906250e+00
1.198341846466064453e+00
1.198401808738708496e+00
1.171515941619873047e+00
1.176509499549865723e+00
1.172263383865356445e+00
1.164457440376281738e+00
1.191024780273437500e+00
1.172452926635742188e+00
1.179878115653991699e+00
1.173581600189208984e+00
1.188467025756835938e+00
1.171993851661682129e+00
1.182345867156982422e+00
1.197940111160278320e+00
1.195976734161376953e+00
1.201224446296691895e+00
1.176360964775085449e+00
1.195298671722412109e+00
1.201580524444580078e+00
1.210449099540710449e+00
1.236691355705261230e+00
1.212440013885498047e+00
1.229169011116027832e+00
1.253517389297485352e+00
1.239585161209106445e+00
1.229086756706237793e+00
1.256521701812744141e+00
1.243984103202819824e+00
1.257781267166137695e+00
1.272535443305969238e+00
1.294465541839599609e+00
1.284291148185729980e+00
1.299759745597839355e+00
5.798902511596679688e-01
5.628649592399597168e-01
5.508871674537658691e-01
5.418541431427001953e-01
5.128083229064941406e-01
5.093796849250793457e-01
5.038855075836181641e-01
4.685978889465332031e-01
4.460005760192871094e-01
4.439726769924163818e-01
4.433855414390563965e-01
4.391448199748992920e-01
4.143801629543304443e-01
3.934578597545623779e-01
3.970184922218322754e-01
3.842312991619110107e-01
3.847335278987884521e-01
3.790165185928344727e-01
3.767000734806060791e-01
3.739583194255828857e-01
3.637251555919647217e-01
3.476531207561492920e-01
3.616871833801269531e-01
3.263157308101654053e-01
3.467579782009124756e-01
3.310820162296295166e-01
3.265493810176849365e-01
3.378458619117736816e-01
3.207061290740966797e-01
3.204757273197174072e-01
3.086699545383453369e-01
2.911092042922973633e-01
2.918903231620788574e-01
2.997538745403289795e-01
2.934972345829010010e-01
3.056223988533020020e-01
2.958972156047821045e-01
2.638599276542663574e-01
2.928543686866760254e-01
2.864315211772918701e-01
2.790983021259307861e-01
2.774191796779632568e-01
2.775180041790008545e-01
2.798439562320709229e-01
2.641898989677429199e-01
2.834963500499725342e-01
2.789020240306854248e-01
2.588874995708465576e-01
2.593520581722259521e-01
2.609928548336029053e-01
2.599111795425415039e-01
2.808961868286132812e-01
2.465884089469909668e-01
2.546053230762481689e-01
2.463330477476119995e-01
2.545398473739624023e-01
2.572803497314453125e-01
2.564407885074615479e-01
2.599662840366363525e-01
2.541551291942596436e-01
2.681511342525482178e-01
2.587872445583343506e-01
2.670948207378387451e-01
2.578875422477722168e-01
2.417620122432708740e-01
2.482703328132629395e-01
2.519312202930450439e-01
2.571393549442291260e-01
2.669880390167236328e-01
2.441216707229614258e-01
2.568078339099884033e-01
2.573627233505249023e-01
2.563323676586151123e-01
2.499146461486816406e-01
2.523686289787292480e-01
2.615479230880737305e-01
2.562154829502105713e-01
2.411253154277801514e-01
2.545362412929534912e-01
2.656948566436767578e-01
2.601802647113800049e-01
2.557300329208374023e-01
2.747983336448669434e-01
2.628150880336761475e-01
2.660564184188842773e-01
2.830937206745147705e-01
2.943763434886932373e-01
2.788833677768707275e-01
2.623232305049896240e-01
2.947441339492797852e-01
2.913091480731964111e-01
2.967875897884368896e-01
2.817120552062988281e-01
2.859501242637634277e-01
2.794478535652160645e-01
2.940475344657897949e-01
3.064356148242950439e-01
2.994099557399749756e-01
2.955307066440582275e-01
3.140550851821899414e-01
2.961554825305938721e-01
3.389627337455749512e-01
3.275645673274993896e-01
3.294313848018646240e-01
3.294232785701751709e-01
3.319484591484069824e-01
3.431187272071838379e-01
3.276147246360778809e-01
3.557690680027008057e-01
3.748221695423126221e-01
3.754549920558929443e-01
3.714714348316192627e-01
3.682384490966796875e-01
3.856585621833801270e-01
3.972214162349700928e-01
4.044743478298187256e-01
3.818598687648773193e-01
3.730602264404296875e-01
3.665027022361755371e-01
3.843877911567687988e-01
3.566035628318786621e-01
3.565469086170196533e-01
3.659342527389526367e-01
3.556409478187561035e-01
3.527515828609466553e-01
3.430917859077453613e-01
3.417249917984008789e-01
3.330799043178558350e-01
3.372450172901153564e-01
3.377604484558105469e-01
3.456245362758636475e-01
3.010390698909759521e-01
3.261608779430389404e-01
3.089487254619598389e-01
3.128403425216674805e-01
3.194693922996520996e-01
3.086878061294555664e-01
3.141596913337707520e-01
3.009005486965179443e-01
3.145135939121246338e-01
3.132579028606414795e-01
2.974880337715148926e-01
3.110701143741607666e-01
3.142026364803314209e-01
3.114213347434997559e-01
2.981260418891906738e-01
2.954473793506622314e-01
3.027345836162567139e-01
2.978896796703338623e-01
3.094252943992614746e-01
3.060008585453033447e-01
2.878136336803436279e-01
3.039890229701995850e-01
3.010014295578002930e-01
2.916478514671325684e-01
3.223941326141357422e-01
2.995654642581939697e-01
2.739351987838745117e-01
2.995329201221466064e-01
2.970567643642425537e-01
3.034976124763488770e-01
3.023363351821899414e-01
2.730591893196105957e-01
3.166570961475372314e-01
2.961405515670776367e-01
3.045922815799713135e-01
3.202812373638153076e-01
2.959085404872894287e-01
3.298888802528381348e-01
3.091875314712524414e-01
3.181532919406890869e-01
3.284404575824737549e-01
2.994682788848876953e-01
3.239536881446838379e-01
3.224290907382965088e-01
3.000774681568145752e-01
3.215928077697753906e-01
3.308693170547485352e-01
3.233120143413543701e-01
3.111761212348937988e-01
3.270126581192016602e-01
3.285276591777801514e-01
3.490174412727355957e-01
3.535821139812469482e-01
3.514350056648254395e-01
3.531359434127807617e-01
3.364058434963226318e-01
3.675939440727233887e-01
3.632665574550628662e-01
3.669539988040924072e-01
3.733589351177215576e-01
3.605392873287200928e-01
3.808324635028839111e-01
3.957733511924743652e-01
4.102849662303924561e-01
3.836374580860137939e-01
4.192067980766296387e-01
4.126439094543457031e-01
